5
7 7 15
6 7 9 5 14 6 13
8 15 1 9 20 15 1
4 9 13 5 16 15 13
2 1 19 12 3 2 15
7 8 3 14 5 6 3
8 9 18 11 17 3 5
18 3 5 8 4 15 2
6 4 4
18 3 5 2
19 7 9 10
11 12 11 2
7 15 2 16
6 13 6 16
20 9 17 17
4 3 16
4 10 19
17 17 20
4 18 2
5 16 14
6 13 20
16 20 10 17 10 2 6 3 16 1 18 17 10
18 14 2 11 9 17 6 16 19 4 16 2 1
14 14 9 19 11 20 6 11 15 18 5 15 19
16 1 1 13 17 11 3 11 19 20 14 19 17
14 8 2 5 15 19 7 7 15 3 5 8 20
4 20 19 8 4 19 15 9 15 7 18 13 2
6 9 12
17 15 7 2 12 18 19 14 2
16 8 17 16 11 12 14 2 17
8 15 6 6 16 17 20 18 14
11 12 11 2 16 18 5 13 11
13 1 7 2 11 5 6 11 17
3 16 18 6 9 4 4 20 2